0.000000000000000000e+00 1.000000000000000000e+00
6.975647374412530244e-02 9.975640502598241977e-01
1.391731009600654378e-01 9.902680687415703620e-01
2.079116908177593148e-01 9.781476007338056888e-01
2.756373558169991633e-01 9.612616959383188942e-01
3.420201433256687129e-01 9.396926207859084279e-01
4.067366430758001528e-01 9.135454576426008666e-01
4.694715627858908058e-01 8.829475928589269884e-01
5.299192642332049008e-01 8.480480961564259568e-01
5.877852522924731371e-01 8.090169943749474513e-01
6.427876096865392519e-01 7.660444431189781245e-01
6.946583704589972541e-01 7.193398003386511919e-01
7.431448254773941331e-01 6.691306063588583486e-01
7.880107536067219032e-01 6.156614753256582917e-01
8.290375725550416242e-01 5.591929034707469048e-01
8.660254037844385966e-01 5.000000000000001110e-01
8.987940462991670376e-01 4.383711467890774038e-01
9.271838545667874243e-01 3.746065934159119593e-01
9.510565162951535312e-01 3.090169943749474513e-01
9.702957262759964729e-01 2.419218955996678966e-01
9.848077530122080203e-01 1.736481776669304145e-01
9.945218953682732899e-01 1.045284632676534431e-01
9.993908270190957621e-01 3.489949670250108021e-02
9.993908270190957621e-01 -3.489949670250073327e-02
9.945218953682734009e-01 -1.045284632676533321e-01
9.848077530122080203e-01 -1.736481776669303034e-01
9.702957262759964729e-01 -2.419218955996677856e-01
9.510565162951536422e-01 -3.090169943749473402e-01
9.271838545667874243e-01 -3.746065934159120703e-01
8.987940462991669266e-01 -4.383711467890775149e-01
8.660254037844388186e-01 -4.999999999999997780e-01
8.290375725550418462e-01 -5.591929034707466828e-01
7.880107536067220142e-01 -6.156614753256581807e-01
7.431448254773942441e-01 -6.691306063588582376e-01
6.946583704589971431e-01 -7.193398003386513029e-01
6.427876096865394739e-01 -7.660444431189779024e-01
5.877852522924732481e-01 -8.090169943749473402e-01
5.299192642332049008e-01 -8.480480961564259568e-01
4.694715627858910834e-01 -8.829475928589267664e-01
4.067366430758004303e-01 -9.135454576426007556e-01
3.420201433256688794e-01 -9.396926207859083169e-01
2.756373558169996629e-01 -9.612616959383186721e-01
2.079116908177592871e-01 -9.781476007338056888e-01
1.391731009600657432e-01 -9.902680687415702510e-01
6.975647374412552448e-02 -9.975640502598241977e-01
1.224646799147353207e-16 -1.000000000000000000e+00
-6.975647374412483059e-02 -9.975640502598243087e-01
-1.391731009600655211e-01 -9.902680687415702510e-01
-2.079116908177590650e-01 -9.781476007338056888e-01
-2.756373558169989968e-01 -9.612616959383188942e-01
-3.420201433256686574e-01 -9.396926207859084279e-01
-4.067366430757998197e-01 -9.135454576426010886e-01
-4.694715627858908613e-01 -8.829475928589268774e-01
-5.299192642332047898e-01 -8.480480961564260678e-01
-5.877852522924730261e-01 -8.090169943749474513e-01
-6.427876096865392519e-01 -7.660444431189781245e-01
-6.946583704589973651e-01 -7.193398003386510808e-01
-7.431448254773940221e-01 -6.691306063588584596e-01
-7.880107536067220142e-01 -6.156614753256581807e-01
-8.290375725550414021e-01 -5.591929034707473489e-01
-8.660254037844383745e-01 -5.000000000000004441e-01
-8.987940462991668156e-01 -4.383711467890777369e-01
-9.271838545667873133e-01 -3.746065934159122923e-01
-9.510565162951535312e-01 -3.090169943749475623e-01
-9.702957262759964729e-01 -2.419218955996678133e-01
-9.848077530122080203e-01 -1.736481776669303312e-01
-9.945218953682734009e-01 -1.045284632676533459e-01
-9.993908270190956511e-01 -3.489949670250164226e-02
-9.993908270190957621e-01 3.489949670250128144e-02
-9.945218953682734009e-01 1.045284632676529990e-01
-9.848077530122081313e-01 1.736481776669299704e-01
-9.702957262759965840e-01 2.419218955996674247e-01
-9.510565162951536422e-01 3.090169943749472292e-01
-9.271838545667874243e-01 3.746065934159119593e-01
-8.987940462991670376e-01 4.383711467890774038e-01
-8.660254037844385966e-01 5.000000000000000000e-01
-8.290375725550420682e-01 5.591929034707462387e-01
-7.880107536067217922e-01 6.156614753256585137e-01
-7.431448254773946882e-01 6.691306063588577935e-01
-6.946583704589975872e-01 7.193398003386508588e-01
-6.427876096865395850e-01 7.660444431189779024e-01
-5.877852522924732481e-01 8.090169943749473402e-01
-5.299192642332057890e-01 8.480480961564254017e-01
-4.694715627858908058e-01 8.829475928589269884e-01
-4.067366430758001528e-01 9.135454576426009776e-01
-3.420201433256685464e-01 9.396926207859084279e-01
-2.756373558169997739e-01 9.612616959383186721e-01
-2.079116908177598699e-01 9.781476007338055778e-01
-1.391731009600658819e-01 9.902680687415702510e-01
-6.975647374412476120e-02 9.975640502598243087e-01
-2.449293598294706414e-16 1.000000000000000000e+00
